833
435 737
513 753
605 711
25 167
341 194
621 522
10 22
156 111
783 484
568 387
414 466
710 579
417 107
692 715
579 275
272 162
79 59
390 357
158 661
650 646
330 285
577 573
110 157
683 552
639 48
407 392
611 817
287 344
503 16
314 116
40 37
69 51
698 178
218 766
422 274
814 176
741 15
74 153
511 613
91 1
253 262
435 593
59 353
144 200
272 450
647 451
354 311
512 651
46 458
203 243
35 112
304 113
162 236
111 46
1 4
420 266
107 515
105 697
406 71
93 109
121 609
44 166
169 307
23 17
490 767
365 266
347 40
682 672
10 118
109 498
372 802
392 253
193 198
60 26
722 376
6 24
431 299
633 415
593 732
153 523
214 152
268 529
120 169
580 664
666 217
795 178
296 325
52 24
680 509
15 19
48 107
24 70
67 484
312 222
249 300
825 709
130 177
345 67
243 266
372 228
158 516
295 513
478 512
210 179
26 22
269 700
670 54
831 641
197 153
21 138
686 530
308 286
150 24
181 285
446 10
99 739
381 267
502 350
17 16
745 788
520 581
192 351
475 89
103 610
163 340
49 19
830 353
486 524
525 69
126 410
319 248
23 99
469 285
592 228
656 422
86 21
29 296
269 678
561 813
582 230
659 163
378 340
238 428
268 443
12 6
66 129
13 8
577 731
38 20
23 74
653 491
50 255
220 679
315 148
506 501
340 750
480 489
127 161
50 42
240 362
637 726
514 486
254 274
6 8
9 1
714 641
65 342
13 684
176 293
491 463
552 111
622 381
692 194
707 507
8 154
4 66
433 272
164 391
336 499
701 194
222 348
20 477
212 9
39 120
220 776
689 129
32 140
174 275
474 624
5 248
121 803
268 634
1 2
261 7
8 246
729 32
480 119
730 63
333 703
240 761
309 305
39 174
693 704
29 751
728 627
429 2
223 8
457 224
571 113
218 305
292 38
465 419
538 47
636 528
14 594
160 224
792 87
39 668
501 43
778 456
737 747
69 101
318 496
660 724
67 387
178 316
635 797
216 80
832 87
282 152
241 8
253 519
352 91
298 92
38 93
721 315
117 151
462 11
7 64
734 686
411 324
465 535
602 818
239 521
32 631
33 346
560 588
21 29
690 557
380 404
1 6
142 242
268 64
191 283
229 113
349 46
249 424
159 586
234 471
33 114
143 51
464 286
339 149
762 60
180 294
66 83
559 152
56 80
605 22
642 186
48 189
336 572
326 65
123 11
585 606
432 667
237 62
212 493
86 187
487 425
641 461
6 560
101 565
663 28
382 342
522 159
472 423
660 558
575 505
167 222
462 654
208 23
220 58
716 439
735 510
454 696
147 140
176 109
176 561
152 380
86 733
59 43
102 478
33 28
41 355
174 829
74 343
163 388
83 90
242 517
504 117
27 175
509 420
45 81
271 546
351 603
182 384
387 548
394 140
8 46
160 57
28 25
786 694
207 820
265 598
765 376
461 284
288 611
45 376
24 34
370 50
102 204
425 308
186 415
362 432
165 447
164 53
558 42
106 145
7 4
775 437
63 9
136 260
740 266
96 32
485 500
297 24
88 366
338 74
238 599
75 213
474 287
14 10
608 804
9 359
253 20
335 47
574 221
269 84
278 94
89 128
251 321
6 67
665 454
223 434
184 33
810 314
476 115
299 42
194 107
468 407
46 742
324 222
238 71
161 180
371 336
433 492
229 310
791 630
264 569
120 727
547 314
635 75
87 49
286 161
225 105
159 313
5 4
70 119
245 265
19 589
699 403
108 168
152 543
371 551
130 30
554 509
612 136
142 563
62 53
215 549
245 573
280 377
40 121
185 264
73 92
48 36
46 103
550 106
58 9
47 39
278 597
144 44
218 186
80 215
44 439
137 673
164 555
85 234
187 311
84 190
585 393
772 310
11 263
323 444
371 826
294 369
30 9
578 126
675 395
124 104
1 73
172 290
336 56
37 15
15 383
10 705
131 116
274 623
9 61
118 134
495 394
39 27
373 278
52 65
91 532
245 84
359 819
759 351
800 208
385 329
164 757
233 187
208 640
536 535
155 228
591 596
144 271
537 294
816 503
619 709
251 161
419 386
133 9
267 88
646 417
150 301
232 117
58 590
182 779
324 564
134 412
258 19
324 618
1 125
43 19
423 809
142 99
680 685
21 13
180 401
188 47
186 134
483 175
46 652
240 481
480 497
770 107
28 526
270 99
255 746
244 132
240 9
614 548
235 108
311 454
280 408
256 435
613 649
827 99
719 515
615 648
261 712
149 302
280 68
257 756
462 544
276 482
108 49
110 39
33 247
286 328
61 295
396 20
152 78
114 619
322 743
72 78
227 27
207 91
430 467
629 468
568 790
15 10
182 153
155 54
549 771
301 445
65 687
528 399
323 19
49 77
329 98
95 7
32 10
148 426
374 331
416 22
60 367
811 396
201 118
644 411
448 270
12 291
250 363
207 332
449 718
219 694
12 556
587 46
57 12
252 421
283 638
567 248
669 509
233 389
465 706
104 46
109 202
59 583
201 250
420 628
211 337
405 374
51 71
59 279
490 134
168 303
357 327
317 247
527 36
615 330
84 98
379 553
98 402
205 331
292 368
384 602
238 252
659 773
39 172
75 127
88 440
49 211
108 601
349 591
533 266
182 209
289 285
232 273
15 254
113 88
58 171
69 122
320 33
758 476
62 116
239 131
76 226
322 459
566 107
7 11
584 252
665 674
400 227
327 393
438 255
541 7
122 287
281 46
9 288
748 828
231 97
206 156
129 148
157 259
436 102
416 463
195 169
334 308
563 784
590 655
109 146
80 89
541 688
350 272
314 749
179 30
717 17
45 5
560 787
8 256
354 488
102 423
439 691
215 276
94 81
719 755
626 359
358 184
725 449
584 798
510 85
27 16
18 15
608 296
361 126
105 103
625 351
119 485
35 11
219 212
128 203
264 812
586 672
723 565
375 269
461 473
52 627
137 125
52 781
9 36
557 533
643 201
306 112
782 688
191 57
539 36
322 360
45 88
311 379
181 808
427 219
789 235
130 277
62 141
785 447
748 191
132 112
117 58
68 15
27 72
146 178
106 41
364 752
202 322
476 754
162 199
126 35
243 386
118 196
120 139
107 136
70 75
456 77
82 11
120 780
360 657
395 227
769 297
356 343
57 230
793 316
671 276
9 97
540 387
240 397
4 51
542 242
16 9
447 738
29 149
362 531
12 777
176 221
505 345
681 632
805 498
452 309
455 346
494 16
39 534
507 74
604 15
637 253
824 460
26 442
20 17
10 2
165 51
5 430
35 44
744 383
42 24
203 799
84 102
57 607
213 520
511 822
150 600
261 736
617 286
105 562
38 56
3 2
588 720
453 254
708 183
49 508
460 348
158 84
545 259
418 284
222 630
12 54
151 677
183 217
96 768
364 228
616 163
595 693
399 343
153 398
53 2
833 167
333 187
486 86
764 254
358 451
807 500
205 55
28 192
133 645
84 6
713 174
415 821
511 463
182 185
409 234
100 59
530 12
760 580
815 39
520 662
306 327
676 230
403 12
441 153
704 745
50 162
183 144
774 379
437 107
89 414
2 31
99 181
215 449
257 112
167 170
193 7
658 215
479 122
173 121
521 576
796 344
8 85
51 570
163 123
13 25
470 382
806 426
794 631
413 344
